12310024826526822051366501468598426859842617112212101001732022243166121022631473175102121248114685984201332003128103199140102563255021903255010244280027102800102762280237023602350102700021901024228012
27902780100266026702680269027002710102722370102720021901024028002790278028001031543255021903255010237280027902780103158219010236280122790103160219010236280121031493255010211219032550102322790278027702
76028001031502190102102190102372800102242410237023601031232190102102190102372800102252370241010312232550219010210219032550102362800102252280237024112103121219010210219010237280010226228023712103121219
01021021901023728001015327014102182371310311932550219010210219032550102362800101432701610217237131031202190102102190102392410100327017102172371310312021901021021901023832700280024102270228023702120237
12327012102162371222801031193255021901021021903255010237327001014228023702360237122360235023402330232023102300229001923712100031193117021903117001831170219031170023910142370100237121012021523712031212
19002102190024010142370100237123270131021423712103120325502190102102190325501023832700101423701002371210217237121031212190102102190102393270131012237010023712102172371210023701031192190102102190102413
27001012237010023702280237010215236023502370100237010311832550219010210219032550102452370100237010217237010023701031192190102102190102462370100237010217237010023701031192190102102190102462370100237010
21723701002370103118325502190102102190325501024723701021723701002370103119219010210219010248237010217237010023701031192190102102190102482370102172370100237010311832550219010210219032550102652370100237
01031192190102102190022210244228010023701031192190102102190022210246237010311832550219010210219032550102672370103119219010210219010032552211024623701031192190102102190100241010022502260227022802372142
36032550102452370103119219010210219032550100321101013319002382140032550102452370103119219010210219010032110100319801012319003255216102452370103119219010210219010163190010123259032120013325112101400219
03255010245237010311832550219010210219032550241121013319001001414100012325103236032300013219032550102452370103119219002102190013140320201403190014153228010032360325100010001321903255010245237010311921
90021021900121001413319001413101314032511214010130021903255010245237010311832550219010210219032550241121413319001412101514032510140101421903255010245237010311800219010210219010141403204031900100016100
32510101521903255010245237010311800219010210219010180213219032550102452370103118325502190102102190325502411232551702112190325501024523701031180021900191002190319303223031930003211032130003250002132190
32550102452370103118021110021901003222010120133250002132190325501024523701031183255021901001413101414032550219032550241123255130032552161024523701031180212219031930322303193032110321300123250001321900
03255031990014319903255021903255010245237010311802111002190100322201012013325000153255032610014326303255021903255010245236010311832550219010121413101432550219032550241123255130032551421900192190325501
03164002190100326714325515219032550241123213031930021621903255010316400219010032670326612326700031210212031170002190311702120325502190101202152190325501031643255021901003267032661232670003120001321900
02120325502190325517021021903255010121712103161219010032670326612326703255152190325502411221901012021521903255010017141023517010312300219010032671410152190100241122190101502122190325501714102362370102
15328301031073255021903255010183255021903255024112219032550101302132190325501714102200010215237010277141210234141210192190021021903193032230319300010160211219032550171310183209032000012219010181401021
52370102771412102341413101700219002102190003222000101502132190325501713101831910219001221901022422801021032871210265141210216130102131701013171514010143255010014010014010163255021903255024112012101302
13219032550171232550238023602350234023301013319202190101221901022432551210193283121026232831314131313101312121016131410012010141212101223822510000219031930322303193001210130212100219032550170219010162
19010123191021901012219010182130102141303255010213325512102623255014121213130101223812120130101223812120130121223812100130121223812100130314421710190021900032220013101302121002190325512219010162190325
50100319202190101221901022213032550102132610100325501025618010151412324201002500251032550015325501015325501014219032550014100325501003243031380313703138123137031381231370313803137031381231390324300032
41026003255131014325502190325502411200101302121012219032551218024216180242123191010132190102211303255121021532551210252328401012180102111301012001012130101513010142190130100013100130101900100016100324
10131224100152190319303223031930001012021310122190325502190101931930319203213018032150219031930102191303255121021732550102523283019123100019021001022621901021801210120010133117021902410015219000322200
21610132190325502190102103191000180002190001021932551210218325512102423284141003284010141912310001912102262190101932551310173255131015219013121013325502190325522121903255021901021031920140101221901021
91303255010220328401019121210213328412102143284123283141003283010151903100019032830102123255010153255010153255010021901013325501016325501019325501015242021901302410014219002171014219032550219024221132
55010122190102193255010221328301018120015101832841232831210213328403283121021121003100019010143255223219032552262420219032550241001421900217101421903255021902420101831930101214032130219010218130102310
01012014101732831210215328301021332831310142422232190242227219013121414219010032550101232550101232551314032550140100141732640325502190242010211325512219010218219010225328412101218010000101300100001012
32840102101801023225002510250025102500251025002510250025102500251025002510250025102500251025002510311703121021903121010218312101015311701002190312101002190100312100021903121021902480247000250025100132
57001510172190242010212325502190102182190102253283121012180101700101232830101819123100019123284010032840102483120021903120010218312001017219031200100219010031200002190312002190018256001410182190242010
21232551210217130219010227191231000190102181912310001912328301003283010226325512102202420219024201021832550212163255142190325502420002190325502190212182420325500010173255024212325502421232550102113255
01021732550219010227210019031000191210217328302100310001903283010249242132190242131021624221121902420325502420325502420219032550242032550242032550242032550242121019325501012325501012325501021132550130
10151301001301001301015130325502190102273283019031000190328301021819031000210010250242032870212021903117032870242010216242010183121010021903255010133255021903121031170212162420101932550101232550101232
55010212327812012319303223000319300031930003223031930013327812219010228190310002100102193283131025024203287021202190212032870242010216242010183120010021902420101324202190312002121724201019325501012325
50101232550102123278120133222001532220014327812219010228328313102722420328702120219021203287024201021624201018242032551224201013325502190325502421421213242010192420102193255152520100252010025203255161
03105242032870212021902120328702420102242421510132420219031210101324221510219325512101325203198025203198025201014325501031062421332550242131022432550100325501003255010133255021903120010133255010032550
10032550102303255013010122520100320601002520101332550219010310632550101232550101232550102243255010032550100325501012242122190242121012325501003255010032550102303255121012252031980320603198025201013325
50219010310632550101232550101232550102312420100219010024201023832550120101932550219010310632550101232550101232550102312420100219010024201023815212219010314432550242032550242032550102393241026018324201
00219010314432550100325501003255010240257021202480002190012257010122190103144325501003255010032550102402560013219001225601031922600324400122190003245026001028815010310326014219026013103192260025002510
10021902600103194242010142420103193324102600324401012324502600324201031933241026001003246026003242010319532410260123242010319732410324201043493325512103198280032550103198280032550103198280032550103198
28003255010319828003255010319828003255010319828003255010319828003255010319828003255010319828003255010319828003255010319828003255010319828003255010319828103255010319932550103199325501031993255010319932
55010339833014364243104227213378679727080790136737084851022751025622710311026531522783156311331603106310923010143110265315227831563113316031063109230100100100100311026531522783156311331603106310923010
01001001005102571027956345147424740020147708573708301818083856677016673706669150149777066847001856676700166018470850180710185737001708286748178707985017479018573748401687370848515514064227215358674776
97479720135778068768410010010010010010010010010024124118212324112242143256123270010010010014192530131225213152101703236212325515260051406222715538080778410010010010010010010010010010010010010010010010
01001002883130311026531312141002873233293325122022521917100514066227184674797083667784100100100100100100100100100100100100100100100100100100290217291192841229618100100100100100514063227212566685708301
52868181779010010010010010010010010010029502950295029502920292029201001002950295029502950295029502950295029505140652272204279857083666885748770165170698485807970100100100100100100100100100326403233031
24032582132470100100100100212031901332500311803124032190319321132112133198125140672271548857370831001001001001001001001001003278028202820319403195010010010010024414324312243173119214255143170031941531
76123117195136621310100100100514045227224367374687670791301387272840107013970668573708384316715100100100100100100100317303166264316626431662643166246100100100100100316419100100100100100100100100514046
22721209527370708110015680807710010010010010010010010031260100100100100100100100100100312221010010010010010010010010051404722723436808801667969014570668573708301097180830178747776017280017770718510100
10010010010010010010010010010010010010010010010010031711810010010031631310010010031740514048227134974721001001001001001001001003127010010010010010010010010010031131210010010010010010010010051404922715
56737066851001001001001001001001001001001001001001001001001001003143264314325710010010010010010010051405022721156737066850152707069841001001001001001001001001001001001001001001001001001003142260100100
10010010010010010051482522710100100100100100100100100100100100100100100100100100100100100100100100100100100100515024102294983708484014701858001888374857001807901857374840184747279514425102184674777601
83707183746972708366858083510260102265880860168667901818685017277808884858079700173708370513650102125285808366727001838080785126511014396683785150232271010010010010010010010010010010010010010010010010
01001003168029202920292029202920292029202920514069227214528166837001368084858678708431603106314923010031613430314841562100315932263147325110031563113310323031092303157352926241562310841562315532412873
25131073251315227831022303104230315333642394156226341562315131662883251293325151466422710100100100100100100100100100100100100100100100100100100100100100100100100100100100514463102173889857083796677018
48580836672701551466522710100100100100100100100100100100100100100100100100100100100100100100100100100100100514068227183680848586787084316022931492301003161343031484156210031593226314732511003156236310
32303109230315735292624156231084156231553241287325131073251315227831022303104230315333642394156226341562315131662883251293325151446922723146808370018370698485807970010701678674776974797201677780687684
21202120311803219032190100100100100241264241264241264241264241264241264132642120212032190321903118031180311803118031180311802412645136221019033570698380807803434471022139808301717479697479720169867972
70807984154344910221398083017174796974797201698679727080798415434581022139808301717479697479720169867972708079841543460102213980830171747969747972016986797270807984155146692271010010010010010010010010
01001001001001001001001001001001001001001001001001001001001034023444145121951010125139731010145137711010125129841010145117351010145129891010145114891010135113331010051173510101351298610100511490101005
11800101005114901010135122210101251201701005122260100512230010125122140101351222001014512208010145122120101451221201014512208010145120110101451220901012512218010125122140101251221801012512218010135122
24010051222601005122260100512226010051223001017513517031073102434831010310343465101031034348610103102434311010101246768718598420410003200312810319932561210312128003256122800103132325502190325501025232
09010142800279027802770276032150319302800320901031322190102483211032090101528002790278027701015219028001031332190102552800100219010122120101321902800103132325502190325501022326802690270027102800102203
21101013319002800279032560219010162190280010313321901022827102800102183213010142790278010032150219010162190280010123117010313021901022632560219010028001022131930101432560219010162190280032090319301013
21900010122710280010312132550219032550102213256152190100280010226319302190101621902800101400219010031170219010028001031222190102250031170219010028001022031170101621901016219028003256000101321901012219
01002800102742800279027002710280027902780102412190102173209031930311701015001002190100280010227219010162190280032090101332150101321901002710102722710280027901013280010242325502190325501021621901018325
50219010028001022721901016219028001018219010275280010142800102432190102152800100219010183256021901002800101921903117010216219010162190280010182190325601027428001024821901021528001021032560219010028001
01921901021721901016219027102800101721903117010274280010247325502190325501021428001021032560219010028001019219010217219010153256021901002700271028001003213031930311701002190102752800102482190102143117
02800102103256021901002800325612101721901021631170101721901013280010281280010248219010213219010028001003256010183256021901002800320901003209010143215010021901022632560100280010280280027901024732550219
03255010210321103193021901002800100320901018321102190325602800319001003190031170101228001012219031170102110121021232090100280010280280010249219010213219010028003255032300101832560219031930270027101002
79027802770276027503193010021901022828001028028001024921901015325512101621903255010211311702190102402800102122190102672800102483255021903255010212219010213219010238322703256028001021221901026728001024
80021900121021121901021232560219010253219010311721901021431170102113256021901031703255021903255010225325602190102553117010311432560219032560102253256021901026531170219010310421901022632560219010266219
01031033255021903255010225325602190102662190325601031032190102272190102662190103104219010227219010266219010310332550219032550102262190102662190103104219010226325602190102662190103104219010226325602190
32550325612102632190325601031023255021903255010225325602190102662190325601031032190102263256021901026621903256010310321901022632560219010266219010310332550219032550102253256021901026621901031042190102
26325602190102662190102592680269027002710280010240219010226325602190102662190102632800102393255021903255010225325602190102662190102632680269027002710280010236219010227219010267311701026627002710280010
23421901022721901026721901026826902700271028001023032550219032550102262190101332550102632190102712800102312190102952190102712800102312190102243255031170102673256122190102712800102303255021903255010224
00102683117021901027128001023121901022400102483117010221219010271271028001023021901022400102653255010277280010229325502190325501022200102643117021901027828001023021901022232550001025521903117010123255
00010142190102782710280010229219010222311701025621901019219010279271028001022732550219032550102782190101921901028027102800102272190102200010258219010192190100325612102782800102272190102182190101432560
10255219010192190325612102792800102263255021903255010183117010173117021901014311700122190102502800325602190101921903256010280280010227219010218219032560100015219010250280031170100001018325501028127101
02272190102182190101432550101221901025028001012002190103116325502190325501019325501016325502190101721901024127102800279010162800325601000021901031172190102182190101721901024228001015311703193028003211
03209010021903255010286311701003256192690270027102800101332090102103117021901021821903117010153117021901024228001016219028003256010122190311701029531170325612101227102800279027801021032560325502190325
50102163117010241311701015321103256132800100319001003215010122190280031930320901029300101532090319301013280010123193031170101832561221903256010214325501021400102363193031170280010162190280010310628001
01431170319303223031930311712219031930322303193021903256010268269027002710101421902800103106280010163222001321901003222010021901023531170102373193031170325602190280032561210259311701024428001015325512
10132190325513102483117010227325502190280031930320901029900101428001015325503267142190100250025102470002190101821901003117010233219010228219122800102750010225325601014280032560325503256010123255032670
32661232670219010130122190101821901023521901022821912280010261001021100100012102243211000100322701002800100325603215010123255032670326612326702190325501014219010133193032230319301012219032550325615102
29219010228219010028001003255010259003255010190121023332561210133255032670326612326702190015219001231170100322201015311701013001022921901022821901002800325503209010259001024532561210143267142190100212
13002190101432550101900102292190102282190100280010261001025332561232550325603255032561321903256133255121023921901022821901002800100323001025900102533255143117031930322303193021903117032551410239219010
22821903255010262001025432551310123222010021903255141024021901022532561321903255010262001025432550101332551710240002190102273117021903256010262001025931170219032551310242219010228219032560102620010260
21903255131024131170219010224001026700102602190325513101500102362190102920010260219032551210232311701031030010260219032551210264219010271001026021903255010262311701012219000102700010260219010266219010
27100102602190102502190311701021421901027100102602190102502190102152190102710010260219010249219010216219010313221901024921901013325501031452190102492190103149219010249219010288001026021901024921901028
80010260219010249219010288001026021901024921901028800102602190102492190102880010260219010247325503117010289001026021901031380010260219010313800102602190103138001026021901024521901029200102602190102452
19010133255010288001026021901024521901029200102583256032550219032550102442190102920010259325602190012102432190102920010259325602190100012102422190102920010259325502190325501024421903256131028900102593
25602190101431170102402190311701029100102593256021901024521901029200102602190102453255010292001025932560219010001210313500102593256021901031380010259325602190102112190103126001025932560219010211219032
56121031240010259325602190101231170101821901031260010222219010237219010313800102222190102372190001031370010222219010237219000103137001022221901023721900010214311701031220010260219010313800102602190103
13800102202190102392190103138001022021901023921901031380010220219010239219010313800102202190102392190103138001022021901023921901031380010220219010239219031170103137001026021901031380010260219010313800
10260219010313800102602190103138001026021901031380010260219010313801210259325501031370033014157351406410214291414015370837874796677011851346610214537083787479667701190114143151225610214537083787479667
70121011414315122551021429141401537083787479667701205116311012143151184010226566674850171808301857370017766876601858001687770668351205010226566674850171808301857370017766876601858001687770668351225110
17143101418078705116601016418078700163514059101741807870011431513474101741807870012914512874101741807870012914511681102364080016980887901857370018586797970770185800181668484018573700177668766155118791
01229144868710132914145106791006351067110132914314388810126308444761012143143076102148080730177668766016672667479418881013291463420811006352406310125514521665101229145202671013551414522478101229145146
61101355141451068510122914498841012631443495101329141443502101329141442502101263144311810122914419121012291439222271329141410010010010010010010010010010010010010010010010010010010010010010010010010010
01004133010132914144173510132914144273710132914144293410132914314474510122914449551012291447957100554955010121431489561012143149742101214314913510141414633151094010121455511744101355143151213010121431
51192110132914315125361013633155511537101414315531514536101214555157261013141431516114101314143152030910125514518111101214555116871008751249710132914145127091013291414515107102294983708484014701858001
88837485700180790185737484018474727951490710121487515297101214315136612271010010010010010010010010010032110100100100100100100100100311902190325603255031171221203190032580319305136592271010010010010010
01001001001001001001001001001001001001001001001001001001001001001001034023166310551988610103105520267101031054447610103105420311010310551509310103106512251101031055244701010310542033101031055208981010
31055198891010310552501710103105440851010101243160718596440410003200312810390128002790103198280010319928001031992800102953256121031022800102953256121026927102800102142800279027802770102132800102953256
12102702800102122800279027801021628001029532561210270280010212280010218280010295325612102702800102102801227901021827101029532561210270280010182800279027802800103115325612102702710280010152800279027801
01228001031153256121027127102800279027802770276027501031203256121027228001031992800103199280010319927102800103199271010235280122790278027701031962800103192279027802770276027502740273027201032273117010
12311701025601210319801210319801210313700102600121031980121031370121025901210313700102233117010236012103126001016325613100001031990010216015103178001021801310317800102180121017219010316931170100001021
80121017219010317100102180121017219010317100311701022731170103170219010319931910101232160103196319202800103197219010028001031963259021901002800101528002790271028001015280027902780103167219010210321201
00219010028001003214010122800279010122700271028002790278027702760103166325501012219010212219010028001013280027901015280010317321901021132560219010028001013280010162800103173219010153255010162190100280
01013280010162800103173219010211311701012280010132800101328002790278027701031732190101921901014280010132700271028002790278010317121901014219010192190101428001015280010317321901014219032550101432550101
32190325613101728001031732190101421901019219031170101928001025315121013325501031142190101421901019219010152190101427102800101315010248151232550103108325501018219010214219010152190101528001013150102481
51210226325501017150102742190102232190101521901015280010131501024815121023515010273219010223219010152190101528001013280010248151210235150102732190102232190101521901015280010132800102481512101621901022
73255010274219010143255010217325502190101521901015271010132800102481512101621901031022190101400102182190101400219010192790102481512270027101014219010227012102732190101400102182190101521901015325503256
21732550102353256010162190102113255010216001022832562231021232550101832560102242190101521901021631170102492190102813255010244219010143255021901018012102562190325501029932561210230219010031170101501310
24832560102943255010252014101332560325501024432560102962680269027002710280010271325501022531170102350010236325501022827102800103199280010274311701031242800103199280010279001021532550003255010310128001
02790121021500103102280010296001031022800102960010310228001029600103102280010296001031990010319900103199001031990010319900103199001031990010319900103199001031990010233280027902780277027601031610121023
12800279010316501210230280027901031660121022728002790278027701031670010226280027902780103170001022428002790278010317200102222800279027801031740010221280027901031760010220280027901031770010220280010317
80010220280010317800102202800103178001021928002790103178001021928001031790010219280010317900102192800103179001021828002790103179001021728002790103180001021728001031810010217280010318100102172800103181
00102172800103181001021728001031810010217271010358232560103199325601031993256010319932560103398001031990010319900103199001031990010319900103199001031990010319900103199001031990010319900103199001031990
01031990123301316247367101229144596210122914447421012291444739100634693610063473391006349336101463012914510135101414310163512342101214315119571012143151317710121431512799101214311034023168310548172101
03105521392101031054977010103105522382101031055213901010310552159410103105521986101031055213971010310552256510103105522975101031055213981010310551299510101012466976859644016320031281032320010243140103
15500102152660267026802690270027102800102171401002410101224101031540010221270027102800102152800241010014024101031550010223270027102800102112800279027801014241010315400102252700271028001016280027902800
27901031610010227271028001015280010028001014241010122410102852260227022802370102650010228267026802690270027102800279010028001014140241121002410102872270228023701026300102332800101228001014241027102800
24102370102892280237023602280237023602350234023302320231023002290102510010242241028001002370102902370101223701025900102412410280027901002370102902370101223701025900102402410100280010293237010122370102
59001024124102800102932370101222802370236010257001024024101002800102932370101323701025800102412410280010293237010132280237010257001023923702410280027901029323701014228023701025600102392370100280010294
23701015237010227026810023701002800029423701015227022802370236023502340233023202310230022900213101402681002370100280002941018237010002201026001510182370100280010310223701028101510182370103104237010281
01510182370103104237010282013101923701031042370103199237010319923701034623270151031933270191031913270191031923270161014327001031893270131002120101601410318332701300103197327001031993270010123270010133
27001031511312102423270161031501301024432701510411450010000103402130103399131210319813121035912190014219010319421900142190103193325502190101332550219032550103193219032090100320003209021901031942190319
10101321901031942190319201013219010319421903191010123190021901031942190319201003213031900219010014010312723813102622190319101013180100141210312012010142381510261219031920319303117001221901412103119325
50237032550102692190319100142190141210311931170237010213001025621903192032551200325502190325501401016317901023131790102121801012001026523701022713218102231401001413321303255014021901412101631790102293
18112318303181121014317901015180101518010130018001331790001025223701021918010151312242218130101912010214012319301413219010183179010229318203181031830318103182010143179010151801013191231000191210121801
01331790101931790101431790102320010152370102191801012317901012311701803193032230319301013311701002190100311701014319303223031930311700010171200032430311701201018120100311700131403255010183181123183031
81031820001022731810318303182010153179010131912310001902100100191231000191431000190210010031790101731820318103183031811210123179010151801022500101623701021719123100019123183031810318201903100010032220
10162190101732220101400101213012120123243001212121301015001000010132420219010183181123183031810318201012180101818010121801000010211318203183031810101331820318103183031810318201002100190310001903115010
12210031000190100210019031000191231810318303181121015318203181031830318103182123181031830318112101318010232237010217210019031000191231830318103182019031000325502421632550219032550242173255010163179001
43255001418010133179010172420219010193181031830318201013180101818010121801021431820101431811231830318112101219031000190101321003100019010121903100021003181123183031810318201016318103183031810100318203
18103183031810318201013180102221801019237010218190310001903182031830318201003115031000100242010162190101724201017317901000010123255010120123100019121003179010172420219032551410153182031830318201013180
10181801012180102203181031830318101013210031000210010182100310001901003182031830318101017318103183031820101231820318303182010121912310001902100101700100317901013180101231790100191231000190210010172370
10218210031000210031810318303182010019031000100242010162190101724201017317901014325501012191231000190210010031790101732550219024214101631820101221001903100019121014191231000191231000191210218318203183
03182010218318203183031810101831820101331820318303182010121912310001902100101731820318103183031811210018010123179010021001903100019021001017237010222318201015242010153255021903255010162420101531820318
10318303181121012325501013210031000190318112318303181010162420219010132500101919123100019021001014191231000191231000191210219318201022031820102143182010141903100019010183182031810318303181031820311503
10001912318303181122100310001901018237010228242163255021903255024216325501015318201003183031811431830318112100311503100021003182031810318303181121015242021901021419031000190101619031000191231000190102
61190310002100101931810318303181021001903100019021003183031810318201903100021001018237010228242010162190101632700242010173183031810100318203181031830318103182010153182031830318101016242123255141021019
03100019010162100310002101231000190102733182031830318201001903100019031820318303181010212237010228242010162190101632700242010173183031810101231820318303182010163182031830318201031113182010121903100019
03182031830318201021223701022824201016219010152120327002420101731820101331820318303181010173182010311931820102132370102282420101621901015327012242010212318201031422370102282421632551324217103155237010
31992370103199237010319923701031992370103199237010319923701031992370103199237010319923701031992370103199237010319923701031992370103199237010319923701031992370103199237010319923701031992370103199237010
31992370103199237010319923701031992370103199237010319923701031992370103199237010319923701031992370103199237010153255010032552631031292370101532550100325502812613255010312923701015325501003255010261325
52101031202370101532550100325513101332550101332550101332550101332550101332550101332550101332550101332550101332550101332550101332550101332550101332550101332550101332550238032550267026802690270027102800
32550103120237010153255010031171210268280032550103120237010153255010271280032550103120237010153255010271280032550103120237010153255010271280032550103120237010153255010271280032550103120237010153255010
22732551210193255218102152800325501031202370101532550101332551910143255153243161003191010193255026902700271028003255028002790278027702760325502381223702360235032550102152800325501031202370101532550101
33255023702360235022702280237023603255121013325502800279027802770276027502740273027201012319201021328003255028001014325502380236023501012319101021528003255010312023701015325501013325502380101423801016
31930280010224280032550280010210319201013325501021128003255010312023701015325501019325501017280010211319101021228003255028001022628003255010312023701015325501021632270280010211319201021228003255028001
02163255010192800325501031202370101532550102163255028103255010223280032550280010226280032550103120237010153255010216325513101931910102132800325502800102183255032430325503243152810325501031202370101532
55010227325503192010213280032550280010227325501031193255023703255210102232190102142810325502810100325501022532550103119325502370100311703278121014311701022421901024432550103119325502380101232781210229
21901024432550103119325521610219219010173255021916325501023033013796462452272133786797270807901367370848510227511795102465666748501867985747701748501778088708384130180830174850188747777016866868470017
08383808384155251301021436807870018079130175867881025221911013291414522130101739747974847302525123102165276907766796901496683768086830251212010225527690776679690149668376808683016880787001737083705221
29102115514140153737001707969512791102154077668484013666848577700114315127791023729140140776684840146868470867801010101010101407766848401366684857770011431512747102154077668484014686847086780114315127
67102152914014077668484014686847086785145632272173786797270807901367370848501528678100100100100100100100100100326927831092303112032692783109230311203269278310923031120326903109230311203269278310923031
12032692783109230311205127591015291401868151275510158681011431103402321831004356410103100435911010125118021010155126791010310241779101005126761010051243610101251251710100512319101014512469101005124711
01012512467101005126811010125122051010134999210103107435691010310041777101031004157010101012518072686004001232003128103199140103158280010248150103150280010245014150103149280010244017102330010002111031
01002800102430121013014102310215103101280010244001013015102300141017017102982800102480161022801410211015102960028001024800101301310221018102160131026800102272800102480010140131021702101021801310235021
21021901310180010142710280027902411210170028001024014121016001014014102150161022401310130121017016101802241015012101801410160121015280024102801210182800102401412101600101401510211151201410228028210122
71028002790270027102800279027802770276027502740280010240140101700101401610190151023102831002800101328000162800102401401017001018013101701510260001025528001013280010162800102401401017001019013101501415
01031172800101328001016280010240141210160010210013101301510312228001016280010240019102110131000131000121031222700271028001014280010240019102120151012012103124271028001013280010248001021301310140010312
52710280010122800102480010220001031262800101228001024800102200010312628001002800279010248001022001210312527101002790001024800102210010312700102490010319900103199150102412250226022702280237010315315010
24522802370103152150102462280237010314314121016170102472370103143141210161701024722801031342370236022702280237022801013141210160010318022802370236010132370101413014010160010318123701014237010141312101
60010249327014103126236023502340101423701014131210160010250327014103137131210160010250327016103135130140101600102503270151031361412101600102502120103148001028102711014021810190181018001024532700102340
27310160214101802101018001025532700102270121029600102170010252003270131031250010217001031810010191312101600103181001019130101700103181001019131210160010318100101913121016001031810010191312101600103181
00102170010252001031280010217001031810010217001025000103130001021702441016001031310010217024210314000102170010318100102170010318100102170010222150102111512103145001021700102211512103158001021700102311
31310121322110214130103109001021700152121016150102121312241010000241013234100152211028800101932831210162190150324102601832420150101615010213130241001224101312101413222101213010140032410260183242010026
01732420001026915218100001021915220100001515101524100122410101713141013131910013010121301015131210123121021202480100219010123121010122120248010021901012312101000010262151700324102601410032410260183242
00010000102172190260161003241026013100324102601300324102601832420151210131502410012241015013131021013121012130101213010181314150101231200101321901012312001015219010123120010121522110242324102601510000
31210212024801013312102120248010021900123121001210000102182570212024801002190101421202480101321202480101231210212024800021901012257010120010121512241001215215100151510181315150323801012260032440101221
90100324502600101232440101221901003245026001012324102601310032410260131003241026017152431013257021202480100219010123120010153120010132190101231200101531790101418010211256010132190102133120010132190101
22560101724101000010032410260183242000260153242001232370150241025914152122601321902601310026014219026013101215163121021202480101231210212024801512001000032410260183242015026013150324102601410032410260
18003241026018324201014256010132190101226003244010122190100260032440101221901003245026001015317901014180102112600324401012219010032450100260032440101326003244010132600324401012219010032450260010173278
01014312102120248010021901012312101013219010000312100131000031210100250025101012324102601832420101225101002190260015121002600250025101002190101226017324201003120010143120010183121021202480100152231003
12101012312102120248010021901012257010152600324401012219010032450260142190260152190260131015317901014180102112601421902601721902601421902601421902601310173278010143120010132190101231200101321901012312
00100001013312001016312102120248010021901012257010162420101324201016212024801002190101225701017260032440101432450101231200101432410260141003241026013100324102601832420101231200101231200101321901012256
01015260142190260132500251010021902601225002510100219026001015318112318303181122100190310001912101926002500251010021902600324502601225002510100219026002500251010021902600250015161012151610121501002600
32440101221901003245026001013219010032450260010143255024101016312001013219010122560101315141012151410032450260010142190101225601012260121001514101315131002600324401014312102120248010133121021202480101
23121021202480100219010123121010123245026001012260032440101221901003245026001015260025002510100219026001002420101424212101424201015318203181031830318103182019123100019021001019242010142420260032420242
01014242010142420101232410260183242010026021021902601310026012219026001515100151632450100260032440101221901012260010123241026018324201003246026003242026003244010122190100324502600101226002500100324102
60183242010026013150101231200101531200101431200101321901012312001012260121012260142190260131015242010142420324102600324401012324503241026003244010123245026003242010153182031830318201012190310001901019
32410260032440101232450260032420324102600324401012324102600324401012324102600324401012312102120248010021901012312101012212024801002190101325002510100219026001002600250025101002190260010032410260183242
01002591226001515100152172601421902601310122420101331210212024801002190101225701012260025002510100324101002600324401012219010026003244010132600324401012219010032450260010162600150251010021902600101632
41026003244010123245026003242032410260010032460260032420324102600100324602600324201016318203183031810101219031000210010210324102600100324602600324201012324102600100324602600324102600100324602600324102
60010123120010132190101231200101521901017242010024201014242010123121021202480100219010123121010121513100324102601410032410260131003241026018324201002600250025101002190260010015143244010123120010132190
10122560101224201014257026013151510132601421902601310024201014242010142420101732410260010032460260032420101232410260123242010123241026012324201018318201021732410260123242010143241026012324202600324102
60123242010032410260010026003244010122190100324502600101232440101221901003241026003244010123245026003242026003244010123245026001012312001013219010123120010122600324201013312102120248010133121021202480
10123121021202480100219010015031210150100242010142420260133242010026001012260032440101221901003245026001003241026003244010132560260025002510100324102601725002510100219026001012324502600324201012324102
60010133245026003242010173241026012324201014324103242010143241032420102231521332410324201003241026003241032420150101232410324202601421902601310026014219026012324102600100324602600324201003241026001003
24602600324201012260032440101221901003245026001012312101012151410143120010143120010132190101231200101226003244010123245026003242010031210101232410260162190260131003246032410260010032460100260024201014
31210212024801002190100242010142420100324601517100151410193241032420102373241026018324201513101332410324201501014324102600250025101001521210032410260123242015010123241026012324201013260142190260131012
31200101226012324201001513100260032440101326003244010122190101226001012324102600100324602600324201012312001012151326002500251010021902600100324102601232420324102601232420324102600324401013312001013219
03241026003244010123245026003242026001503241026018324201025031210212024801512101231210101815121015242010143241026018151710015210250025101002190260010021901003245026001013312101012324102601721902600151
51001501001514260032420219010032450260010122600324201002420101424201012324103242010015032410324201002600324102600100324601002600324401012219010032410151710015141002190101231210102513120010015010143120
01021432410260032440101431210212024801002190101231210100324102601832420100260143242010152420260021902601310133120010121503121021202480260025002510100219026001003241026018324201003242026002190260131012
31210101226003244010123245026003242010151512100242010032410260123242026014219026012100324102601832420101221901012312001025126003244010143245026001021415032410260010032460101231200101321901012312001012
31210212024801002190101231210150100219010123121010123244010123245026003242021902600101221901003245026001012150312001501002420101424201012312102120248010021901012312101012251010021902600100219010123120
01012324102600100324602600324201016150100324102600324401003241032420260122500251010021902600101325702120248010021901012312101013219010032450260010248151510131514102141503241026012324201002600324401012
21901003245026001012312001013219010123120010122190101231200101226001003246026003242010122420260122190260131001501001501003241026003244010123241026001012312001013219010123120010152420100219010032450260
01013324102601232420102103241026001003246026003242024201014242010132560101321901012312001012260021902601310249324102601832420102151512324103242010122601421902601310122600324401012219010032450260010122
19010032450260010123241026012324201012324502600324201002190260163242010026003241026001003246026003241026001002600324401012219010032450260010143245026003242021902601310015210101732410260123242032410260
03244010123245026003242010122600324401012219010032450260010132190260010251150312102120248010021901012312101022226002500251010021902600100150101226014219026013100260021902601310133241032420260010032460
26003242010132420100219010122570101215123241026012324201003241026015219026013100260010032460260032420100219026001012324102601832420101932410324201501003241026001003246026003242010132601421902601310142
42010252312001013219010123120010222242010142420101426002500251010021902601225001001502190260010015010153241026012324203244010123245026003242021901012256010123242010123241032420150101232410260025002510
10021902600101332410260123242010132420101331210212024801002190101231210102101512101332410260123242010142600250025101002190260032410260032440101232450260032420102512600324401012219010032450260010221324
10260032440101232450260032420101324201014242121014242010015213260032420100219010032450260010141513100151410142420101432410324203244010123245026003242010123120010132190101231200101215121013151510015210
24201014242010032410260010032460260032420102522601421902601310221150324102600100324602600324201501012324102600324401012324502600324203244010123245026003242010123241026018324201003242026001002190260131
01432420100152102600324201014324102600100324602600324201013260032440101221901003245026001012260173242010026014324201002601432420100260032440101232450260032420100324102601232420102532600150251010021902
60015121022215032410260123242015121013324102600100324602600324203241026001012260032420101431210212024801002190101231210101225002510100219026002190100324502600101426018324201003242010163241026012324201
01426014219026013100257021202480100219010123121010122190101231210101221901012312101012324102600100324602600324201013324103242010254242010142420102241512324103242010173241015161012151210143120010132190
10123120010162420219026013101425702120248010021901012257010210324103242010152600250025101002190260010132560101321901012312001012219010123120010122190101231200101332410260123242010254151510015010015181
01315141013151410121514101215141012151410032410260183242010132600324401012219010032450260010123244010123245026003242026002190100324502600101225601013219010122560102172420101424201013260032440101221901
00324502600101221901003245026001012219010032450260010143241032420102563241026018324201003241026018324201002601532420100260143242010026014324201002601432420101331210212024801002190101231210150101326014
21902601310032410260010032460260032420100242021902601310122600324401012219010032450260010216324102600324401012324502600324201012260142190260131002600219026013100260021902601310263257021202480100219010
12257015010122570212024801002190101231210150101221901012312101012219010123121010122190101231210101221901012312101014312001013219010123120015010132600250025101002190260010143241026012324201003245026003
24202601225002510100260142190260131021732410260010032460260032420101326002500251010021902601225002510100219026012250025101002190260010265256010132190101225601501012256010132190101231200101321901012312
00101221901012312001012219010123120010122190101231200101221901002600324401012219010032450260010142420101424201015324103242010032460260032420100242121013260025002510100219026001022032410260123242010142
42010142421210142421210142420102652600324401012219010032450260010132600324401012219010032450260010132190100324502600101221901003245026001012219010032450260010122190100324502600101221901002601421902601
31013324102600324401012324502600324201015324102601232420100324502600324203244010122420101424201022132410324201014324102600324401012324502600324203244010123245026003242032440101232450260032420102642601
42190260131002600100260142190260131002601221902601310026002190260131002600219026013100260021902601310026002190260121502510100219026001001501014324102600100324602600324201017324103242010032460260032420
32410260010032410260032440101232450260032420102273241026001003246026003242032410260010032460260032420324102600100324602600324201026526001517100150100260015121002190260010026001002510100219026012150251
01002190260121502510100219026012150251010021902601225002510100219026002420101424201017324102601232420101932410260123242010123241026012324102600100324602600324201022932410260123242010123241026012324201
01232410260123242010266242010032410100324102601624201501013242010024201014242121014242121014242121014242121014324102600100151510131521010173241032420101432410324201003241026012324201023132410324201014
32410324201014324103242010266324102600101431210212024801001503241026001013324502600324202600101332450260032420101332450260032420101332450260032420101332450260015171001514260163242010026014324201021832
41032420103113324101014312001516101215151001515100151510015151001521126013324201002480100219010123121010122190101231210103135324101002600100260010032410260183242010026014324201002601432420100260143242
01002601432420100260153242010133121010142190101231200101221901012312001031363241026013101231210212024801002190101231210101221901012312101012219010123121010122190101231210101221901012312101013219010123
12101014312001014219010032450260010122190100324502600103137151310123120010132190101231200101221901012312001012219010123120010122190101231200101221901012312001013219010123120010133245026001012260122190
26013100260021902601310313832410260010122600324401012219010032450260010122190100324502600101221901003245026001012219010032450260010122190100324502600101321901003245026001012260131002500251010021902601
22500251010021902600103138324101012312102120248026014219026013100260021902601310026002190260131002600219026013100260021902601310026012219026013100219026001012242010142421210142420103141312001012260025
00251010021902601225002510100219026012250025101002190260122500251010021902601225002510100219026001002600250025101002190260010142420100324102600324401012324502600324203244010123245026003242010314026003
24401002420101424212101424212101424212101424212101424201002420101424203244010123245026003242010032410260010032460260032420324102600100324602600324201031412601232410260032440101232450260032420324401012
32450260032420324401012324502600324203244010123245026003242032440101232450260032420260032440101232450260032420100324602600324201012150324102601232420101232410260123242010314115143241026001003246026003
24203241026001003246026003242032410260010032460260032420324102600100324602600324203241026001003246026003242010032410260010032460260032420324102601232420150101315032410324201013150324103242015010314232
41010026012324102601232420260032420324101002600324201512324102601232420151232410260123242015010032410260123242015010123241026012324201012324101515100152101031442120248010032410324201003121010015010032
42010015010015032410324201512101232410324201501013324103242015010143241032420150101432410260183242010121512103148219010123120010210150101415121014150101515121016312102120248010021901012312101013151210
31442600324401012219010032450260010221150101515010173120010132190101231200103149260142190260131023526003244010122190100324502600103149260025002510100219026001023726014219026013103149242010142420102372
60025002510100219026001031503241026003244010123245026003242010236242010142420103151324102600100324602600324201023632410260032440101232450260032420103151324102601232420102383241026001003246026001515101
31514103137152121023315161003241026018324201031393241026018324201501023432410260141012312102120248010021901012312101031413121021202480100219010123121015010236312102120248010133120010132190101231200103
14131200101321901012312001501023631200101321901002600324401012219010032450260010314126003244010122190100324502600102372600324401012219010026014219026013103141260142190260131022915151013260142190260122
50025101002190260010314326002500251010021902600102251515101232410260141012260025002510100219026002420101424201031432420101424201021915151012324102601410123121021202480101324201014324102600324401012324
50260032420103141324102600324401012324502600324201017152101012324102601410123121021202480101331200101321903241026003244010123245015032410260010032460260032420100151410313832410260010032460260032420101
31515100324102601310032410260141012312102120248010133120010132190100260032440101221901003241015141003241122601232420260143242010314032410260015151012324102601310123121021202480101231210212024801013312
00101321901002600324401012219010026014219026002420100324102601210123121032410324201002190101231210103137151610032410260141012312102120248010123120010143120010132190100260032440101221901002601421902601
22500251010021903241026001012312102120101231200101321901012312001031383241026014101225702120248010133120010142600324401013260032440101221901002601421902601225002510100219026002420101432411210123120010
13260032440101221901003245026001031393121021202480101325601013219010026003244010122190260142190260142190260122500251010021902600242010143241026003244010123245026003241121002600324401012260142190260131
03139312001013219010026003244010122190100260142190260025002510100219026002500251010021902600242010143241026003244010123245026003241026001003246026003242010032411226015250025101002190260010314126003244
01012219010026014219026012250025101002190242010142420101432410260032440101232450260032410260010032460260032420100324102601232420101332410260025002510100242010142420103134330124447260227213378679727080
79013673708485102271034024142931035100301010310051441710101751266002581751267102721751351403116175125420314117513701031031751231203122175131270313215512442101017512708031171751160802131751197203157175
12748031471751290603112175119780317017512177031771751217703183125122371010175125120311317512307031071751222502251751292703131175131430313217512724031261751222502260512439101017514945031531351223810101
75131360313817514136031371751313603143175118130215175149420314617516142031361751633103130175163220312417515715031151751410803106175154770276175127080310217511899029617511889028712512439101017512880027
81751387802811751468102841751348902891751388002871751388002921751489402951751608602861751608602901751508202801751547702781351240010101751347202731751366902691751366502661751485502571751344302441751264
90251175116210232125119721010175170160213175170080171251240010101751422702121751540902111751881302121752081502131751820902101751820902121751223002311751704402431451198910101751701902181752061102121751
70390237175122220221175134350235175170320231175208550257175146440241175148520251175168510249175242380239175188280227175188220221175168240225125123921010175188460246175168530255175154770267175182650265
17518458025917518650025117518840023917518834023317524814021117524816021717518814021517524043024531015146261010175244240223175244260228175244320233175244610264175238500251175208550257175208550256175226
59025717524461026017522661026331004302610103100511044101010124406168594460163200312810330514121031972411210319914024101031972411210319914024101031972411210319914024101031972411210291141310310514024101
02872410237024101412100241010310324113102882280237014122410140103103141324101028624112237014122800279024101031022690270027102800102832520241122370236023501412280010310728001028323702360235023401012141
22800103107280010282237023601015141228001031072800102812370236010311628001028023702360103117271010280237010319823602370103192327013101423701031842700271028001016327014237122360103186280010024114327015
23712103187280024101414100212024102520327002371210318727102800279027802411323702360235023402330237010318932701222702280237023601014237010319032701210023701015237032700103189327012100237010319532701310
02370103197327002371210319823712103198237121031982371210319823712103198237121031982370103199237010440161412103199140103172001031961213130102262530103153130102141300131201301031781312102111801012180101
41201301026331790103113130102121801012180101512010173179010252180318203181031830318112100317901022418010123179010121801018317901013180102311801024618019123100019121017317901012318103183031811210222180
10224180101218031811231830318103182010031790101331790101318010163179010141801014180101231790191231000190210010163179010131801023118010173179010224317901021121001903100019123100019121015318112318303181
13318303181031820102221801022418021001903100019123183031810101231790101331790101318010143182031810318303181121012180101418010123179021001903100019121016317901002100311503100019021001021018010183179010
17191231000191210133182031810318303181123179010221317901021121001903100019021003100019010163182031810318303181031820318103183031810102231801022418019123100019123183031820318112318303181031820318103183
03181121001801014318203181031830318103182010121801012210019031000191231830318112310001901015318112318303181121903100019121021018010183179010171912310001902100101331811231830318103182031790102183179010
12317901021219031000210123100019010173182031830318101003181031830318101022318010215180101621001903100019123100021001003182010031820318103183031810318203181031830318103182010018010153182031830318201013
18010121912310001912318303181123100019010153182031810318303181031820210031000210010211180101831790101821003100021001015318203183031820100317901021231790101218010123179031811231830318112102101903100021
00102103182031830318101012318201022418010133179010211180101619123100019021003100019010143181031830318101003181031830318101012180101531820318303182010131801013190310002100318103183031810101931810318303
18101001903100019010191912310001912101431811231830318112101619031000210010153182031830318203181031830318112101831820318103183031810318201803181123183031811231830318103182010224318201022818123100021003
17901013180101519123100019121015190310002100101731820318303182010031810318303182010121812310002100101331820101418123100021012310001903181031830318101019318203183031820102131912310001912101431811231830
31810318201021531821231810318303181031820101831820318103183031810318203100019123183031810318203183031810102531903100019031000190318301903182010018010152100190310001902100101521003100019010183182010133
18201012210031000190310001912210010152100310001903100019122100101231820102113182010215210031000190101631820318303181010218318103183031810102103182031830318201903100019021003183031811231830318201025218
03100121912310003183019031820100180101621003100019010223180310012191231000191210141803100121912310001912102301903100021001016318203183031820102183182031830318201021031810318303181019031000210031820318
30318201003182010252180191231000191231000318302100191231000191210142100310001901022218019123100019123100019021001013180191231000191231000190210010240318201022031820102123182010021003100021001003182010
25321001913310012190210123183031820191231000191210227210019133100121902101210132100191331001219021012103136210019133100019121012318201012190310002100102282100191331000191210152100190311501903100019121
03139210019123100019021001015190310001901022921001912310001902100101621001912310001902100103140210141023921014101821014105105373301263445842272133786797270807901367370848532692783109230311201022410340
23146135126951010135123211010145125201010135121621010051246610101351270510101451251610101351314910100512728101013512575101031034598210103100459811010101242231718594460410003200312810340726902700271028
00102862680269027002710280010310827102800102892800103109280010289271028001031082800102902800102672800279027802770276010236280010290280010266280027901024028001029027102800102612800279027802770276010241
27102800102902710102592800279027801021121901021915121021327102800103147279027802770102132190102191512102142710280010224280027902780277027602750274027302720103128325602190102191512102152690270027102800
27902780277027601021428002790278027701031372190102191512102182800101526402650266026702680269027002710280010122800279027801031393256021901021915121021828001021327002710280027901031422190102191512102182
71028001021428001031342800279027802770101521901021915121021927002710280010212280010313428001018219010219151210221271028002790102102800103131270027102800279010228151210222280010211280010313328001025328
00102112800103133280010211325501025328001026227002710280010268280010152190103124280010268280010140021901031242800102682800101521901031242800102682800101421912103124280010268280010142191210312328002790
10268280010133256021903255032561210312128001026928001012325612219010021901031222800102692800101232560101321901031222800102762190103122280010276219010287280027902780277027602750274027302720102262800102
76219010285280027902780102342800102762190102842800279010236280010276219010283280027901023728001027621901028228002790102382800102762190102812800279010239280010276219010281280010311721901028028002790103
11721901027928002790103118219010279280010311921901027928001031192190102792800103119219010319921901031992190103199219010319921901031992190103199219010319921901022332560103175219032560102223256010317521
90103199219010222012103175219010222012103175219010222325500010319900103993280027902780277026902700271010318021901014266026702680269027002710280027902780103186219010210280010318732560219010210280010318
70021901021028001031860010021901021028001031992800103181001021728001031992800103199280010319928001031992800103199280010319928001016325501031922800101632551210318900100280010173255010319128001031992800
10319727102800279010319828001031992800103199280010319928001031992800103199280010319828002790103198280010319928001031992800103199280010319928001036093256010319932560104379800103199012104300033011210340
23163310541583101031054178110103105510777101031054917210103105415841010310552239910103105520789101031054397510103105521164101031054178110103105510972101031054158310101012422456860238003200312810319921
40102442700271028012103151214121024528002710280010315014121024528001002800103151140102452800100271028001031491412102482710280010314814121024928001031992710280010319928001031482130102502800103147213121
02502801210314621312102502800271028002790280027902780102312411210310821312102502800100280010028001023322802370241132710103105140102502800100280010028001023422602270228023702410103104140215010252280010
02800102372280237024101031043217010254280010238228023702410237010315728001023922802370236010319823702411325201029921501029522502260227022802370103177237023602350102192370102172370236022702280237010315
52370102212280237010214228023702360101323701031552370102222370102152370101422802370103177237010215237010152370103177237010212236023502340233010152370103177237010221228010317722802370102961412103101228
02370102951412103102237010316901210319801210312415121027200102732250226022702280102491501031383270151025615010313632701810254151210313532701610217024010015010270013102623270131002120102160242102720121
02633270121026801410260012102643270010173270131025203134100327001019327001025403134101600101432701210287001031033270121013327014103191327015104245714010379914010319914010324226101031703179010267180102
99261010217313301021331790102671801031233179010173179010267180103123317901015318112318303181121021831790102461801023131790102851912101431790101531811231830318112102111801016317901024618123100021001022
63181123183031810318201028319021001012318112318303181031820101431810318303181010212180101431811231830318112102431903100019031000191310224318203181031830318103182010283190101331820318103183031810318201
01431820318303182010212180101431820318103183031810318201023018010211180310012191231000191210225318103183031820102842100101431820318303181010163182010211191231000191210133181031830318101022921001903100
01912101218010151801912310001912310001902100102253182031830318101028931820318303181010218210019031000190210010133181031830318201022919123100019121012180101321001913310012190210121022831820102913182010
22021003100019010153182010231190310001901013180101321001913310001912103143190310002100102371903100021001002100190310001912101221001912310001902100103187210019031000191210132101410318921003100019010319
71903100019010510925330124446942227213378679727080790136737084851022710340231331451319710100513196101012511689101013512480101012513066101031004741910101251278910101451299410101451271010101251240610100
51272610101012415206860436012320031281031991401032001501037991401031962411214121031932801224102370236014121031932801210023701001412103193280121002370100141210319428001002370100141222801031932800100237
01001412103194279010023701001412103196237010233280027902780277027601031602410237010014010229280027902780103163241010023701022728002790278027702760103166241023701022428002790280027901031682520241023712
10224280010028001024126802690270027102800103123228023713102242790100280010245280010312423713102262800102452700271028001031212370236023712102262800102472800103121237010023702280102262700271010246271010
31202370236010023701031962370101223701031962370101223701031952370236010319723702360103198237010319432701410023701031903270181002370101714010318232701810023701031893270141012212010132370102130121022503
15310162280100236023502340233023200231101301221900314910170238103105021110238327001031500191024832700103143018102483270121031420171031940151042458131210319813121041731317901026613010313231790102823179
01027231790102113179010231317901025518010224318112318303181121026831811231830318112101931790102293181123183031811210253180102243181123183031810318201026831820318103183031810318201017318203181031830318
11210227318203181031830318103182010251191231000191210223318103183031820102703181031830318101018318112318303181031820102283181031830318101025219123100019021001022331810318303182010270318103183031820101
93181031830318101022931820318303182010253190310001901022531820102723182010210318103183031820102303182010254210031000210010311031820105118983301244463892272133786797270807901367370848510227103402317431
01454311010155126001010310146622101014512769101031004644410101451234810101551276010101451241410101351259710101251241610101551164610101351257310101351227110103107464371010101241612686063401432003128103
19914010270268026902700271010247141210245140103148280027902780277027602750241023701024124112100241010314128002790278027702760275027401024628002410237023602410228010313928002790278010252280010023702410
10313928002790278010253280027901002280237010231241121031052800279010253280122790101322801023123702360103104280121025328002790280010236237000103103280027902800102522800279010028001023623700010310128002
79027801002800102522800101228001023623700010299271028002790101328001025028002790278010122800102362370001029924102800101427101024928002790101427101023623700010297236024102800279010254280010242237000102
99280010253280027902780102422370001029928001025328001024423700010315328001024423700010315328001024423700010315224102800102442370001031502370241028002790102442370102582230224022502260227022802370102862
37010028001024523701026422402250226022702280237010280237023601002800102452280238010268228023701027623702360235023401012280010311622802370102742370236010152800103117228023702360327001013327001026223602
35023402330232023101031252370101632701210319123701014327015103188327012237010123270161031872370236023502340233010132120101332701210318523702360102113270121031832370236023501031972370102153270010318323
70101632701310312423200257102110163270010312402581017019103588001031990010319900103199012103198012103199001031990015010319800150103198001501031991501031991501031991501031351412102621701031351412102621
70103135141210262001031351412102620010319900103199001031990010319900103136140102620010313514121026200103135130140102620010313513014010262001031351312102620010313512121026200103136243010513198330124445
4782272133786797270807901367370848510227103402254310146422101031024642510103100464281010310046413101010